0.000010 0.000010 0.999980
0.000010 0.000010 0.999980
0.000010 0.000010 0.999980
0.000010 0.000010 0.999980
0.999980 0.000010 0.000010
0.000010 0.000010 0.999980
0.000010 0.068166 0.931824
0.000010 0.000010 0.999980
0.000010 0.000010 0.999980
0.000010 0.069010 0.930980
0.000010 0.000010 0.999980
0.000010 0.000010 0.999980
0.000010 0.000010 0.999980
0.727360 0.000010 0.272630
0.000010 0.000010 0.999980
0.000010 0.000010 0.999980
0.000010 0.000010 0.999980
0.999980 0.000010 0.000010
0.000010 0.999980 0.000010
0.999980 0.000010 0.000010
0.973625 0.026365 0.000010
0.999980 0.000010 0.000010
0.000010 0.000010 0.999980
0.431781 0.000010 0.568209
0.000010 0.016603 0.983387
0.000010 0.000010 0.999980
0.000010 0.773214 0.226776
0.000010 0.000010 0.999980
0.000010 0.999980 0.000010
0.000010 0.289891 0.710099
0.999980 0.000010 0.000010
0.999980 0.000010 0.000010
0.000010 0.999980 0.000010
0.000010 0.000010 0.999980
0.000010 0.940949 0.059041
0.000010 0.999980 0.000010
0.000010 0.931401 0.068589
0.000010 0.999980 0.000010
0.000010 0.999980 0.000010
0.000010 0.999980 0.000010
0.000010 0.916331 0.083659
0.999980 0.000010 0.000010
0.392446 0.000010 0.607544
0.999980 0.000010 0.000010
0.999980 0.000010 0.000010
0.999980 0.000010 0.000010
0.999980 0.000010 0.000010
0.999980 0.000010 0.000010
0.999980 0.000010 0.000010
0.999980 0.000010 0.000010
0.999980 0.000010 0.000010
0.999980 0.000010 0.000010
0.999980 0.000010 0.000010
0.999980 0.000010 0.000010
0.999980 0.000010 0.000010
0.999980 0.000010 0.000010
0.999980 0.000010 0.000010
0.999980 0.000010 0.000010
0.999980 0.000010 0.000010
0.999980 0.000010 0.000010
0.999980 0.000010 0.000010
0.999980 0.000010 0.000010
0.000010 0.999980 0.000010
0.000010 0.190864 0.809126
0.999980 0.000010 0.000010
0.999980 0.000010 0.000010
0.000010 0.999980 0.000010
0.999980 0.000010 0.000010
0.000010 0.999980 0.000010
0.000010 0.055719 0.944271
0.000010 0.999980 0.000010
0.000010 0.999980 0.000010
0.000010 0.000010 0.999980
0.000010 0.037138 0.962852
0.000010 0.999980 0.000010
0.000010 0.148455 0.851535
0.000010 0.000010 0.999980
0.000010 0.711496 0.288494
0.000010 0.919357 0.080633
0.000010 0.032408 0.967582
0.000010 0.999980 0.000010
0.370434 0.082424 0.547142
0.000010 0.999980 0.000010
0.000010 0.000010 0.999980
0.999980 0.000010 0.000010
0.999980 0.000010 0.000010
0.999980 0.000010 0.000010
0.306402 0.000010 0.693588
0.000010 0.000010 0.999980
0.999980 0.000010 0.000010
0.000010 0.999980 0.000010
0.999980 0.000010 0.000010
0.000010 0.999980 0.000010
0.999980 0.000010 0.000010
