Sample	1	2	3	4	5	6	7	8	9	10	11	12	13	14	15	16	17	18	19	20	21	22	23	24	25	26	27	28	29	30	31
Gmi-ABas_001-Ex1-b-cssl2	59.32811181826645	21.601426595086735	9.499327765417192	4.568236320585533	2.2938967739235046	1.1968878750242662	0.6489968441418889	0.3666799694301053	0.2082736453011777	0.12196204454573469	0.06697087416475846	0.040485625437962816	0.024103741348091946	0.014072543601430926	0.008371359270594807	0.004690847867143641	0.002814508720286185	0.0020206729273849534	0.000649502012373735	0.0007938357929012317	0.0003608344513187417	0.000216500670791245	0.0002886675610549933	7.216689026374833e-05	0.0	0.0	0.0	0.0	0.0	7.216689026374833e-05	0.000216500670791245
Gmi-ABas_003-Ex1-b-cssl2	67.14733240328111	20.706922942437856	7.2275880606032485	2.7732087872095224	1.1659548555980936	0.5217569186014013	0.23524850353170085	0.11126136251461384	0.05619561067680923	0.02711661213611112	0.013142042285264381	0.006838619288712235	0.003627441535751707	0.00112985883900463	0.0014271901124269012	0.0005351962921600879	0.00029733127342227106	0.00023786501873781685	0.0	0.00011893250936890843	0.0	0.0	0.0	0.0	5.9466254684454213e-05	0.0	0.0	0.0	0.0	0.0	0.0
Gmi-ABas_004-Ex1-b-cssl2	64.90343107620691	21.200978353105608	7.939228225080373	3.23095012284876	1.4341599049008245	0.6573194382049476	0.3154874479810837	0.15122691617259096	0.08411766119624557	0.04039496477226299	0.019781515929666545	0.010260505926135451	0.005268908448556041	0.0036974796130217836	0.001386554854883169	0.0010168068935809905	0.0003697479613021784	9.24369903255446e-05	9.24369903255446e-05	0.0002773109709766338	9.24369903255446e-05	9.24369903255446e-05	0.0	0.0	0.0	9.24369903255446e-05	0.0	0.0	0.0	0.0	0.0001848739806510892
Gmi-ABas_008-Ex1-b-cssl	55.17298234548444	22.12864848818023	11.051536777945033	5.680307589957357	2.924300256283847	1.4930908621424803	0.7603402699512226	0.38584431609465025	0.19843187014842092	0.09855805900243783	0.05073869203546446	0.026931801688192234	0.013116404180966906	0.006907698753612665	0.0036183183947494915	0.0016858074339173767	0.0012746348890594799	0.0008223450897157934	0.00032893803588631733	0.00016446901794315866	0.00016446901794315866	0.000123351763457369	0.0	4.1117254485789666e-05	0.0	0.0	0.0	0.0	0.0	0.0	4.1117254485789666e-05
Gmi-ABas_009-Ex1-b-cssl	66.68392648489798	21.15112566580563	7.393959584670156	2.791059153630619	1.1177034932569472	0.4817443228224296	0.2066293333541754	0.09085828842524023	0.042986717104414734	0.019881356660791816	0.010062799685806176	0.0052756425537236265	0.0024424271082053826	0.0010258193854462607	0.0004884854216410765	0.00034193979514875357	0.00014654562649232296	0.0	0.00014654562649232296	4.884854216410766e-05	0.0	4.884854216410766e-05	0.0	0.0	0.0	0.0	0.0	0.0	0.0	0.0	9.769708432821532e-05
Gmi-ABas_010-Ex1-b-cssl	65.05423965777109	21.700925940978518	7.8511991713675915	3.089535496726577	1.2857736728063187	0.560952555685352	0.24575639414848033	0.11031401173741086	0.05118570144615863	0.025592850723079315	0.01184424126022727	0.005480864583163992	0.003576496380539215	0.0014863361581461674	0.0010683041136675577	0.000510928054362745	0.00013934401482620319	0.00013934401482620319	9.289600988413546e-05	0.00013934401482620319	0.0	0.0	0.0	4.644800494206773e-05	0.0	0.0	0.0	0.0	0.0	0.0	0.0
Gmi-ABas_011-Ex1-b-cssl	61.920305694296985	21.561774270149055	8.86982575947924	3.952400109798978	1.860555298163772	0.8983618747739752	0.4610540411397599	0.22591575397476657	0.11902151101402841	0.05961968306437909	0.0331865958105009	0.017864119407840752	0.009876098534416025	0.004502339037748482	0.0026868797483337718	0.0012345123168020031	0.0004357102294595305	0.0005809469726127073	0.00029047348630635366	0.00029047348630635366	7.261837157658842e-05	0.0	0.0	0.0	0.0	0.0	0.0	0.0	0.0	0.0	0.00014523674315317683
Gmi-ABas_012-Ex1-b-cssl	64.702124194167	21.541525027452174	8.035685201044496	3.2044175672906676	1.3681954069489468	0.6108306056291408	0.28418912315912803	0.1296688400733459	0.06247011784732912	0.030052907828992646	0.013870572844150452	0.007723387151856502	0.004045583746210549	0.001996521848779232	0.0011558810703458712	0.0006830206324771056	0.0005779405351729356	0.00021016019460834022	0.00031524029191251033	5.2540048652085055e-05	5.2540048652085055e-05	0.0	5.2540048652085055e-05	5.2540048652085055e-05	0.0	0.0	0.0	0.0	0.0	0.0	5.2540048652085055e-05
Gmi-ABas_013-Ex1-b-cssl	57.77252461174781	22.232152840883142	9.84336045835886	4.725014607196347	2.3897530714484825	1.2788974440949916	0.7253201377722411	0.41026141763037416	0.23930603611875376	0.14205596879178406	0.08756443309116622	0.05622392556393227	0.03449030727871476	0.024647183055337255	0.012835433987284258	0.0077957543849149795	0.006457089490535639	0.0032285447452678195	0.00259858479497166	0.0016536448695274198	0.0013386648943793397	0.0006299599502961599	0.00047246996272211995	0.0003937249689351	0.00031497997514807997	0.00015748998757403998	7.874499378701999e-05	7.874499378701999e-05	0.00023623498136105998	7.874499378701999e-05	7.874499378701999e-05
Gmi-ABas_014-Ex1-b-cssl	68.76501701756345	20.29163513351447	6.687509563333044	2.4655823397805707	1.023535104152451	0.4056920958276988	0.19809022823798947	0.0856047541654777	0.042595602314223206	0.016955531018283024	0.007857441203594573	0.0062032430554694	0.0020677476851564667	0.00124064861109388	0.00041354953703129333	0.0	0.0	0.0	0.0	0.0	0.0	0.0	0.0	0.0	0.0	0.0	0.0	0.0	0.0	0.0	0.0
Gmi-ABas_015-Ex1-b-cssl	64.04387607207337	21.927464829873117	8.16102729875065	3.2883129744872273	1.3867754202750182	0.6251477882531637	0.2899848943018413	0.13759260238074705	0.06793391326602997	0.03482934455735853	0.01719212055626803	0.009347172341271939	0.004506672378827542	0.0031157241137573133	0.001390948265070229	0.0004451034448224733	0.00016691379180842748	0.00038946551421966416	0.00022255172241123666	5.5637930602809164e-05	5.5637930602809164e-05	0.00011127586120561833	5.5637930602809164e-05	0.0	0.0	0.0	0.0	0.0	0.0	0.0	0.0
Gmi-ABas_016-Ex1-b-cssl	58.86572391788012	22.337502405633046	9.67881491902289	4.5008551344638645	2.2192516004268152	1.1224904254507937	0.582746773858044	0.30978847547447386	0.16558017644248502	0.0918160752829569	0.054830277725472006	0.02837479840665392	0.01644389596875556	0.010011583350062534	0.006587933085274309	0.003786764686811217	0.0021786865321379604	0.0010374697772085526	0.0008818493106272699	0.00025936744430213814	0.00046686139974384875	0.00020749395544171053	0.00020749395544171053	5.187348886042763e-05	0.0	0.0	5.187348886042763e-05	5.187348886042763e-05	0.0	0.0	0.0
Gmi-ABas_017-Ex1-b-cssl2	66.57522853285055	21.50686045552571	7.401816958005557	2.726013783779575	1.0482316930031947	0.4208730419194625	0.18110748960218068	0.07532687306383694	0.034433494042198046	0.015572937004009165	0.0076134358686267035	0.002768522134046074	0.0016149712448602098	0.0009228407113486913	0.00046142035567434564	0.00011535508891858641	0.000288387722296466	5.7677544459293206e-05	5.7677544459293206e-05	0.00011535508891858641	0.00017303263337787962	5.7677544459293206e-05	0.0	5.7677544459293206e-05	5.7677544459293206e-05	0.0	0.0	0.0	0.0	0.0	0.00017303263337787962
Gmi-ABas_018-Ex1-b-cssl2	66.12886695839076	22.091894971802304	7.516251990951162	2.6689088177275986	0.9791624747781511	0.37868032141050545	0.14343310498118586	0.05368751422107973	0.021813490891927315	0.01038961527395676	0.003619911204048283	0.001551390516020693	0.000705177507282133	0.00028207100291285323	0.00028207100291285323	0.00014103550145642662	9.402366763761775e-05	4.7011833818808874e-05	0.0	0.0	9.402366763761775e-05	4.7011833818808874e-05	0.0	0.0	0.0	0.0	0.0	0.0	0.0	0.0	4.7011833818808874e-05
Gmi-ABas_019-Ex1-b-cssl2	67.7803044060104	21.19564777363056	6.969137223286979	2.474816931904799	0.9195911488845887	0.3846425213025218	0.15684115437865573	0.06708544951299433	0.027817328634267478	0.012549605641654974	0.0053205701337892064	0.0027759496350204553	0.0017349685218877847	0.0006939874087551138	0.00040482598844048304	0.0002313291362517046	0.0	0.0001156645681258523	5.783228406292615e-05	5.783228406292615e-05	0.0	0.0	0.0	0.0	0.0	0.0	0.0	5.783228406292615e-05	5.783228406292615e-05	5.783228406292615e-05	0.0
Gmi-ABas_022-Ex1-b-cssl2	68.36697761238281	21.308106646553625	6.754471475296301	2.2627645469703546	0.809122971796678	0.3037353806891088	0.11446407521518345	0.0466774347334192	0.019591240391160697	0.007020589776977683	0.0037000405581368878	0.001660274609420398	0.0006641098437681593	0.0005692370089441366	0.00014230925223603414	4.743641741201137e-05	9.487283482402275e-05	0.0	0.0	0.0	0.0	4.743641741201137e-05	4.743641741201137e-05	4.743641741201137e-05	4.743641741201137e-05	0.0	0.0	0.0	0.0	0.0	0.0
Gmi-ABas_024-Ex1-b-cssl	64.9959171135957	21.574053828446083	7.938385639025945	3.1150693973448633	1.2963823809236292	0.5754143997805266	0.26625226200113605	0.12275038234926881	0.05680282736219745	0.027375562825744285	0.015827413196897122	0.007327506109674594	0.0034585828837664086	0.0025206621017280603	0.0008206806842835546	0.000468960391019174	0.000234480195509587	0.000468960391019174	5.862004887739675e-05	0.0	0.0001172400977547935	0.0001172400977547935	0.0	5.862004887739675e-05	0.0	0.0	5.862004887739675e-05	0.0	0.0	0.0	5.862004887739675e-05
Gmi-ABas_025-Ex1-b-cssl	68.98294810035854	20.749943195426155	6.638546574925453	2.261392277911662	0.8308820368584922	0.3117891203669181	0.12931265149714047	0.05342700458735315	0.02158135160671408	0.009650197872920931	0.004912828008032474	0.0020177686461561946	0.0013159360735801268	0.0008772907157200846	0.0006141035010040593	8.772907157200845e-05	8.772907157200845e-05	0.0	0.0001754581431440169	0.0001754581431440169	8.772907157200845e-05	0.0	0.0	0.0	0.0	0.0	0.0	8.772907157200845e-05	0.0	0.0	8.772907157200845e-05
Gmi-ABas_026-Ex1-b-cssl	65.81003786353017	20.957140385608426	7.849517890418955	3.124038389155737	1.2854054382436182	0.5479448436528072	0.23389017066982923	0.10446477978533875	0.046223353887318026	0.022187209865912653	0.008452270425109583	0.004886468839516477	0.00237720105706207	0.0014527339793157096	0.0007924003523540233	0.00026413345078467445	0.00013206672539233723	0.00039620017617701165	0.0	0.00013206672539233723	0.0	0.00013206672539233723	0.0	0.0	0.0	0.0	0.0	0.0	0.0	0.0	0.00013206672539233723
Gmi-ABas_027-Ex1-b-cssl	66.74329168136171	20.70828491578508	7.559882027452926	2.8748431552457454	1.2190683878256152	0.49333207810693125	0.22228748150531621	0.09793576144703248	0.042293635861630964	0.019530948122148516	0.009133177179421968	0.004777354216928415	0.002669697944754114	0.00042153125443486006	0.0005620416725798135	0.00014051041814495336	0.00042153125443486006	0.0	0.00014051041814495336	0.00014051041814495336	0.0	0.0	0.00014051041814495336	0.0	0.0	0.0	0.0	0.00014051041814495336	0.00014051041814495336	0.0	0.00042153125443486006
Gmi-ABas_028-Ex1-b-cssl2	67.40218560996242	20.838335069314564	7.359486226283715	2.717913599926341	1.0191456670483907	0.392350940594914	0.16274104722828056	0.06318588043021643	0.022673257640715185	0.010473433732513106	0.004143336421653537	0.002416946245964563	0.0018414828540682386	0.0008056487486548543	0.00046037071351705966	0.00023018535675852983	0.0003452780351377947	0.00023018535675852983	0.00023018535675852983	0.00011509267837926491	0.0003452780351377947	0.0	0.0	0.0	0.0	0.0	0.00011509267837926491	0.00011509267837926491	0.0	0.0	0.00011509267837926491
Gmi-ABas_029-Ex1-b-cssl	64.27674661078898	21.28022925394917	8.177813700761266	3.470861209892277	1.5282329734982132	0.6773987987478194	0.30797764723320536	0.14290365531841037	0.06942482545610718	0.031925284698793806	0.016216017624784154	0.010008323377796472	0.004434067319276917	0.002153689840791646	0.0013935640146298884	0.0008868134638553834	0.0	0.0001266876376936262	0.0	0.000633438188468131	0.0	0.0	0.0	0.0	0.0002533752753872524	0.0001266876376936262	0.0	0.0	0.0	0.0	0.0002533752753872524
Gmi-ABas_030-Ex1-b-cssl2	62.23281031989802	21.39519290718049	8.809948470454023	3.9488298222574354	1.8315720671994482	0.8939586340630438	0.45138097494913976	0.20717940554705372	0.11480488596088192	0.0530610817466261	0.029304188328250325	0.014712390847928145	0.007115008688752136	0.004944328071844704	0.001205933676059684	0.0016883071464835575	0.0009647469408477472	0.0003617801028179052	0.0002411867352119368	0.0	0.0002411867352119368	0.0001205933676059684	0.0001205933676059684	0.0001205933676059684	0.0	0.0	0.0	0.0	0.0	0.0	0.0001205933676059684
Gmi-ABas_031-Ex1-b-cssl	65.85646490634615	20.946316314487337	7.7392210408837485	3.0878859857482186	1.3118453736030933	0.5819724347040262	0.2559246621004341	0.11320931748485191	0.0544441755843181	0.025185060814514493	0.010987600061234266	0.006543177564555237	0.0037036854138991905	0.002098755067876208	0.0014814741655596764	0.0003703685413899191	0.0006172809023165318	0.0003703685413899191	0.0003703685413899191	0.0002469123609266127	0.0	0.0	0.0	0.0	0.0	0.0	0.0	0.0002469123609266127	0.0	0.0002469123609266127	0.0002469123609266127
Gmi-ABas_032-Ex1-b-cssl	64.92068882666592	21.285566429172096	8.015326254701376	3.237711735188933	1.3819966177815974	0.6246938907524974	0.2835842274033619	0.13006755195771302	0.0627235175071387	0.028185153354957353	0.014785654218994021	0.00589115910288043	0.0035809006311626145	0.0015016680066165802	0.0003465387707576724	0.0006930775415153448	0.0006930775415153448	0.0006930775415153448	0.0003465387707576724	0.0	0.00011551292358589079	0.00011551292358589079	0.00011551292358589079	0.00011551292358589079	0.0	0.0	0.0	0.0	0.0	0.00011551292358589079	0.0003465387707576724
Gmi-ABas_033-Ex1-b-cssl2	67.14844321668697	20.607619003847358	7.35944925078707	2.8319994775042603	1.1618273320907933	0.490202600141993	0.217343713904555	0.09361382001231253	0.043057519282148904	0.021649707728945658	0.01185291261137807	0.004233183075492168	0.003507494548264939	0.0018142213180680719	0.0008466366150984336	0.0008466366150984336	0.0003628442636136144	0.0004837923514848192	0.0001209480878712048	0.0001209480878712048	0.0	0.0	0.0001209480878712048	0.0	0.0001209480878712048	0.0001209480878712048	0.0	0.0	0.0	0.0	0.0002418961757424096
Gmi-ABas_034-Ex1-b-cssl2	70.04090009021655	20.032541368466866	6.409266075407199	2.1773028998999835	0.8040225627840885	0.31489322453544244	0.12538082624523336	0.052169952989395946	0.02060857258973376	0.009943996564277129	0.005044056228256514	0.0030264337369539087	0.0010088112456513028	0.0010088112456513028	0.0005764635689436017	0.0007205794611795022	0.00043234767670770124	0.00028823178447180084	0.00014411589223590042	0.0	0.0	0.0	0.00014411589223590042	0.0	0.0	0.0	0.0	0.0	0.0	0.00028823178447180084	0.00028823178447180084
Gmi-ABas_035-Ex1-b-cssl2	58.66646230731003	21.576353764624468	9.81593724309939	4.783773867082817	2.42890384427817	1.2717654326148244	0.6581300189961311	0.3572573116526634	0.19897170087363625	0.10598819360262324	0.05814952602562852	0.034462418778767066	0.017277654697710712	0.010589530298596888	0.006595233782459465	0.003622734049519988	0.0025080466496676837	0.0011146873998523039	0.0006502343165805106	0.00018578123330871733	0.00037156246661743466	0.00027867184996307597	9.289061665435867e-05	0.0	0.00018578123330871733	9.289061665435867e-05	0.0	9.289061665435867e-05	0.0	0.0	0.00018578123330871733
Gmi-ABas_036-Ex1-b-cssl	66.66926995998585	20.91899316865206	7.5417024619498045	2.886210049018482	1.150923633156156	0.48650958088508905	0.1882410772121485	0.08418591189536599	0.038360292732677	0.018031634607875116	0.008384135836782698	0.0033306840995438116	0.00206732116523409	0.0011485117584633833	0.001033660582617045	0.00034455352753901496	0.0001148511758463383	0.0002297023516926766	0.0001148511758463383	0.0	0.0	0.0001148511758463383	0.0002297023516926766	0.0002297023516926766	0.0	0.0001148511758463383	0.0	0.0	0.0	0.0	0.0001148511758463383
Gmi-ABas_037-Ex1-b-cssl	68.18456778598672	20.76793001360254	6.997039447363508	2.4814231989971463	0.9626330248313019	0.34854506174485905	0.14968127383778307	0.059531112474328546	0.026458272210812685	0.00874829968260742	0.004587523004294135	0.0023471047928946736	0.002240418211399461	0.0013869255594377617	0.0007468060704664872	0.00021337316299042486	0.0007468060704664872	0.00021337316299042486	0.0003200597444856373	0.00021337316299042486	0.00010668658149521243	0.0	0.0	0.0	0.0	0.0	0.00010668658149521243	0.0	0.0	0.0	0.00021337316299042486
Gmi-ABas_038-Ex1-b-cssl	65.1740941274469	20.82778009162849	7.970845481049563	3.3008121615993335	1.4620991253644315	0.6593086214077467	0.31382757184506455	0.14900041649312787	0.07111620158267389	0.033944189920866306	0.01624323198667222	0.009371095376926281	0.0063515201999167015	0.0026030820491461893	0.000937109537692628	0.0004164931278633902	0.0003123698458975427	0.0002082465639316951	0.00010412328196584755	0.00010412328196584755	0.00010412328196584755	0.00010412328196584755	0.0	0.0	0.00010412328196584755	0.0	0.00010412328196584755	0.0	0.00010412328196584755	0.0	0.0
Gmi-ABas_039-Ex1-b-cssl	63.87447803155657	21.26820986250701	8.313014316015817	3.5522423216270136	1.5788780170971268	0.7334669665835248	0.3399135465168482	0.17083133641412782	0.08465771347212069	0.03941364621704792	0.02250542520677588	0.011427625234528687	0.004547728409659375	0.0025653852567309294	0.001749126311407452	0.000583042103802484	0.0006996505245629808	0.0001166084207604968	0.0001166084207604968	0.0	0.0003498252622814904	0.0	0.0002332168415209936	0.0	0.0	0.0	0.0	0.0	0.0	0.0	0.0
Gmi-ABas_040-Ex1-b-cssl	64.4450750759065	21.295232426146903	8.153257288407763	3.3536135182775455	1.4671410245761696	0.6757754459794937	0.32508282805910094	0.14131528189226356	0.07106139889439538	0.03137776055077199	0.01638103675812361	0.010613066068643465	0.005537251861900939	0.0019611100344232493	0.002191828862002455	0.0011535941378960288	0.0006921564827376173	0.0006921564827376173	0.00034607824136880866	0.00011535941378960287	0.00034607824136880866	0.0	0.00011535941378960287	0.00023071882757920575	0.00011535941378960287	0.00011535941378960287	0.00011535941378960287	0.0	0.00011535941378960287	0.0	0.00023071882757920575
Gmi-ABas_041-Ex1-b-cssl	63.140923657946665	21.368974459757638	8.599373191999984	3.729237244956317	1.6645558168988601	0.7560585547645935	0.3719462866721154	0.17822642867095492	0.09670395487980635	0.04460859854133002	0.021836376908343367	0.012165981420362734	0.005303120106311961	0.0032234651626602113	0.0018716894492865745	0.001559741207738812	0.0005199137359129372	0.0005199137359129372	0.0006238964830955248	0.00020796549436517494	0.0005199137359129372	0.00010398274718258747	0.0003119482415477624	0.0	0.00010398274718258747	0.0	0.0	0.0003119482415477624	0.0	0.0	0.00020796549436517494
Gmi-ABas_042-Ex1-b-cssl	67.094226806748	20.726390265770817	7.394574841644828	2.8145430786875645	1.1497455145075823	0.46385796895262854	0.20039229939203493	0.08159940490416666	0.035213608008903816	0.01626331293583911	0.011455029111330155	0.0038183430371100517	0.0018384614623122473	0.0012727810123700173	0.0018384614623122473	0.0004242603374566724	0.0004242603374566724	0.00014142011248555747	0.0004242603374566724	0.00028284022497111495	0.0005656804499422299	0.0	0.0	0.0	0.0	0.0	0.00014142011248555747	0.0	0.0	0.0	0.0005656804499422299
Gmi-ABas_043-Ex1-b-cssl	62.28571499289636	21.35424659297358	8.83859134989035	3.9464825824591974	1.8391507309080286	0.8784262087332743	0.4217633867797969	0.20531263458558774	0.10704968590508343	0.055814344905425	0.027474023434599447	0.014974580340479882	0.010271819572395289	0.005940329391264746	0.0025988941086783264	0.0019801097970882486	0.0012375686231801554	0.0004950274492720621	0.0004950274492720621	0.0004950274492720621	0.0004950274492720621	0.00024751372463603107	0.00024751372463603107	0.0	0.0	0.00024751372463603107	0.0	0.0	0.0	0.0	0.00024751372463603107
Gmi-ABas_045-Ex1-b-cssl2	70.8444890816716	19.27124033132893	6.253282672357913	2.2343949762622755	0.8431824179427989	0.3246162636078779	0.1332284586235963	0.05277896630088623	0.025877066001890818	0.008454882951112842	0.0046117543369706415	0.0010248342971045869	0.0005124171485522934	0.0002562085742761467	0.0	0.0005124171485522934	0.0002562085742761467	0.0	0.0002562085742761467	0.0	0.0	0.0002562085742761467	0.0	0.0	0.0002562085742761467	0.0	0.0	0.0	0.0	0.0	0.0005124171485522934
Gmi-ABas_046-Ex1-b-cssl	63.89224934900023	21.523103520761207	8.344487200936925	3.484403890125824	1.507380857389223	0.6755597311059918	0.2901078064203378	0.14735975083975753	0.06853193652591344	0.030780384636834364	0.016730801405387317	0.008365400702693659	0.004826192713092496	0.0022522232661098315	0.001286984723491332	0.000321746180872833	0.000321746180872833	0.00021449745391522202	0.000321746180872833	0.0	0.00042899490783044404	0.000321746180872833	0.00010724872695761101	0.0	0.0	0.00010724872695761101	0.0	0.0	0.0	0.0	0.00042899490783044404
Gmi-ABas_047-Ex1-b-cssl2	68.07188173591294	20.68530687401279	7.009712804670524	2.5799364697052996	0.9806616575472769	0.38299255613442595	0.16100740895881877	0.0692680926076219	0.030216160082379942	0.013962702131930082	0.0057814313515022996	0.002836173870548298	0.0016362541560855566	0.0015271705456798529	0.000981752493651334	0.0005454180520285189	0.00021816722081140753	0.00021816722081140753	0.00043633444162281506	0.0	0.00021816722081140753	0.0	0.00010908361040570376	0.0	0.00010908361040570376	0.0	0.0	0.00010908361040570376	0.00010908361040570376	0.0	0.00021816722081140753
Gmi-ABas_048-Ex1-b-cssl	61.66210783103693	21.54182252820998	8.997412606771196	4.026799357598931	1.9126122677817077	0.9315215251328924	0.45191935807863315	0.2282582516257404	0.11692738809199488	0.0600627010626401	0.030680947131831133	0.016689635736207815	0.009194290345695324	0.006595903943650993	0.0023985105249639976	0.001998758770803331	0.0010993173239418322	0.0005996276312409994	0.0002998138156204997	0.0003997517541606662	0.0001998758770803331	0.0001998758770803331	0.0	0.0	9.993793854016655e-05	0.0	0.0	0.0	0.0	9.993793854016655e-05	0.0
Gmi-ABas_049-Ex1-b-cssl2	68.13535820520453	20.19643942404859	7.161252492920019	2.62222214301118	1.0684579451744731	0.45857252592725933	0.19479975547551281	0.0862608249315171	0.04134816401676026	0.01657491057568407	0.008911242244991437	0.0046338459673955475	0.002138698138797945	0.0014257987591986298	0.0005346745346994863	0.00017822484489982872	0.0	0.0	0.00017822484489982872	0.00017822484489982872	0.00017822484489982872	0.0	0.00017822484489982872	0.0	0.0	0.0	0.0	0.0	0.0	0.0	0.00017822484489982872
Gmi-ABas_050-Ex1-b-cssl	63.039831866944226	21.150365932384112	8.668318016639224	3.7797297395315774	1.7241254252286624	0.8307825658061756	0.40120188297417075	0.19692892425308448	0.09782979248115937	0.051498908368209945	0.026293456737290288	0.013872065106225564	0.007072033191409112	0.0059840280850384795	0.002176010212741265	0.001269339290765738	0.0011786721985681853	0.00036266836879021084	0.00018133418439510542	9.066709219755271e-05	0.00027200127659265813	0.00027200127659265813	0.0	0.00018133418439510542	0.0	0.0	0.0	9.066709219755271e-05	0.0	0.0	9.066709219755271e-05
Gmi-ABas_051-Ex1-b-cssl	61.42916833177519	21.505798218887655	9.116844647423322	4.089658242355445	1.9415999788808105	0.9494532223604881	0.47490867315960367	0.23422273644616837	0.12625998268590577	0.05998942219899921	0.035502085975128515	0.01656764012172664	0.008738975009262403	0.004096394535591752	0.003004022659433951	0.001820619793596334	0.0012744338555174338	0.0001820619793596334	0.0001820619793596334	0.0	0.0	0.0001820619793596334	0.0	0.0	9.10309896798167e-05	0.0	0.0001820619793596334	0.0	9.10309896798167e-05	0.0	0.0001820619793596334
Gmi-ABas_052-Ex1-b-cssl	62.823097043960885	21.31250345063945	8.70571592565161	3.790026115481053	1.7533936062385478	0.8309660644584658	0.39772200502725613	0.19094406370218975	0.09135730707409734	0.05031422955164084	0.026667583364844837	0.011146216484524988	0.005833533861059807	0.0036459586631623795	0.0019792347028595773	0.0012500429702271016	0.0013542132177460267	0.00020834049503785029	0.0006250214851135508	0.0003125107425567754	0.0	0.00010417024751892514	0.0	0.00010417024751892514	0.0	0.00010417024751892514	0.00010417024751892514	0.0	0.0	0.00020834049503785029	0.0003125107425567754
Gmi-ABas_053-Ex1-b-cssl	65.81495188749075	21.067222932507907	7.84128479465267	3.067357512953368	1.2699908036695602	0.5268375838324025	0.2266334701567862	0.09662875984119508	0.044232106408272215	0.021263710382881367	0.009779512370185945	0.005383217818450979	0.0029607698001480384	0.0019738465334320256	0.0008074826727676468	0.0007177623757934639	0.0007177623757934639	0.00035888118789673194	0.00026916089092254896	0.0	8.972029697418299e-05	0.0	0.0	0.00017944059394836597	0.0	0.0	0.00017944059394836597	0.0	0.0	0.0	0.00017944059394836597
Gmi-ABas_055-Ex1-b-cssl2	61.39927013852028	21.81879667858117	9.153076548297324	4.044917770741218	1.8616958689700795	0.8785531067049813	0.4290790619353793	0.20586730536082998	0.1026721785415147	0.05133608927075735	0.027629100677130862	0.012027810389413435	0.005578114963206231	0.0038349540372042837	0.0016560028797018497	0.0009587385093010709	0.0007844224167008762	0.0005229482778005842	0.0006972643704007789	8.715804630009736e-05	0.0002614741389002921	0.0	0.0	0.0	0.0	0.0	0.0	8.715804630009736e-05	0.00017431609260019473	0.0	0.00043579023150048683
Gmi-ABas_056-Ex1-b-cssl	65.4818727297033	21.098648088502742	7.884980289232314	3.136603939075984	1.3090180969756307	0.5821384572032541	0.262746120118832	0.12627586226794527	0.05991611743559017	0.029717624859706845	0.01288725479352983	0.0068283215697061035	0.003077553383529511	0.0015387766917647555	0.001250256062058864	0.0007693883458823777	0.00028852062970589166	0.00028852062970589166	0.00019234708647059443	0.0	0.0	0.00038469417294118886	0.0	0.00019234708647059443	0.0	0.0	0.0	0.0	0.0	0.0	0.00038469417294118886
Gmi-ABas_057-Ex1-b-cssl	60.60770870145147	21.757074020662195	9.28847172934724	4.257209373292711	2.0388207750701786	0.9946367545556414	0.5028555303444191	0.2639786454564993	0.132891673598362	0.06956304889593269	0.03912921500396214	0.020754070012583694	0.011074306133196831	0.0059883285016545836	0.0046758181451275515	0.0020507974320734873	0.0012304784592440923	0.000492191383697637	0.00041015948641469753	0.00041015948641469753	0.0002460956918488185	8.203189728293949e-05	0.0	0.0	0.0	0.0	8.203189728293949e-05	8.203189728293949e-05	0.0	0.0	8.203189728293949e-05
Gmi-ABas_058-Ex1-b-cssl2	69.50128183762781	20.245044436276803	6.603689592117669	2.2645037131057912	0.8408991811306196	0.3254246729202384	0.12727061041952503	0.047483922811230865	0.020317640049036283	0.01130026047671119	0.005821346306184552	0.002625313040044014	0.0014838725878509645	0.00034243213565791485	0.0005707202260965248	0.0002282880904386099	0.0002282880904386099	0.00034243213565791485	0.00034243213565791485	0.0002282880904386099	0.0	0.0	0.00011414404521930495	0.00011414404521930495	0.0	0.0	0.0	0.0	0.0	0.0	0.00034243213565791485
Gmi-ABas_059-Ex1-b-cssl2	70.14170733884579	20.12935517555642	6.377141647135025	2.1587221842776683	0.7414411964367642	0.2778717741650872	0.10296929397525831	0.0406894790708682	0.015985152492126793	0.005397583958380476	0.0034253898197414557	0.0011417966065804853	0.0008303975320585347	0.0008303975320585347	0.00041519876602926734	0.00031139907452195053	0.00020759938301463367	0.00020759938301463367	0.00031139907452195053	0.0	0.00010379969150731683	0.00010379969150731683	0.0	0.0	0.0	0.0	0.00010379969150731683	0.00010379969150731683	0.00010379969150731683	0.0	0.0005189984575365841
Gmi-ABas_060-Ex1-b-cssl2	70.5662646304987	20.018496721035817	6.232070155056535	2.0486519813911777	0.7126078338454326	0.2644572511732424	0.0956683023271219	0.03554122017212651	0.013503115907689643	0.0056050669805504175	0.0024203698325104077	0.0016560425169808053	0.0008917152014512028	0.0001273878859216004	0.0002547757718432008	0.0001273878859216004	0.0	0.0005095515436864016	0.0002547757718432008	0.0	0.0001273878859216004	0.0	0.0	0.0001273878859216004	0.0001273878859216004	0.0	0.0	0.0002547757718432008	0.0	0.0	0.0002547757718432008
Gmi-ABas_061-Ex1-b-cssl	68.71378740230878	20.185962881014174	6.8949276606600565	2.496553517374688	0.9948192375055805	0.4054829736399272	0.1707296731115483	0.06758049560665452	0.03483277813482738	0.01655783467676654	0.007972290770295	0.004170121326000462	0.0029436150536473844	0.0004906025089412308	0.001103855645117769	0.00036795188170592305	0.0004906025089412308	0.0001226506272353077	0.00036795188170592305	0.0	0.0001226506272353077	0.0	0.0	0.0	0.0	0.0	0.0001226506272353077	0.0	0.0	0.0001226506272353077	0.00036795188170592305
Gmi-AHam_001-Ex1-cssl2	66.55936137387425	21.612731977005886	7.481934914150039	2.7296490751844305	1.006507897784085	0.37603382457538886	0.14311190216849753	0.05459040445863156	0.020058000694084137	0.008676051692087785	0.003994419838436456	0.0013314732794788185	0.0008160642680676629	0.0003865567585583666	8.590150190185926e-05	0.00012885225285278888	0.00012885225285278888	0.0001718030038037185	0.00012885225285278888	0.0	0.0	0.0	0.0	0.0	4.295075095092963e-05	4.295075095092963e-05	0.0	4.295075095092963e-05	0.0	0.0	4.295075095092963e-05
Gmi-AHam_002-Ex1-cssl2	63.874220818331615	21.588598047451434	8.405339094788976	3.4367301749773573	1.4857731735205806	0.6494569042222657	0.29259878752792073	0.13627752470278817	0.0637619659375819	0.03292544574935977	0.016313513906027196	0.007957811661476681	0.0043270600909279455	0.002536552467095692	0.0012931443949899606	0.0008455174890318974	0.00019894529153691702	0.0003481542601896048	4.9736322884229254e-05	4.9736322884229254e-05	9.947264576845851e-05	9.947264576845851e-05	0.0	0.0	4.9736322884229254e-05	0.0	0.0	0.0	4.9736322884229254e-05	0.0	9.947264576845851e-05
Gmi-AHam_005-Ex1-cssl	61.912619025692614	21.77386350739804	8.796714682628085	3.825367972282523	1.801811785124592	0.8860223074180629	0.4481506715572969	0.24631473643062204	0.13217540696765773	0.07378742724907403	0.04268283595920025	0.023997153968109006	0.015055539272985585	0.00920909889540489	0.004929351690901372	0.003248022431989276	0.0017959653447470116	0.0009170886866793251	0.00045854434333966255	0.00030569622889310835	3.821202861163854e-05	0.0002674842002814698	0.00011463608583491564	3.821202861163854e-05	0.0	0.0	3.821202861163854e-05	0.0	0.0	0.0	7.642405722327709e-05
Gmi-AHam_006-Ex1-cssl	66.3451736084113	20.4654035887999	7.5983377826158325	3.1237850866962136	1.3487157556436773	0.5849942548099767	0.27926807143042276	0.13671824378612343	0.059395761518458046	0.029805873052898942	0.014254982764429928	0.006803514501205194	0.0036717379847774063	0.001511892111378932	0.0014038998177090083	0.00021598458733984742	0.00021598458733984742	0.00010799229366992371	0.0	0.0	0.0	0.0	0.0	0.0	0.0	0.0	0.0	0.0	0.0	0.0	0.00021598458733984742
Gmi-AHam_007-Ex1-cssl	60.66014484539139	21.048150920279483	9.144538343789717	4.333199954055468	2.168026359548993	1.1382532519644666	0.6238546711400024	0.3547938839720399	0.21635970664566634	0.12612224398498245	0.06876665207752614	0.04556916791600259	0.026575758553978444	0.01696644472655121	0.010660332527302087	0.006756548784909775	0.004429293092329741	0.002252182928303258	0.001651600814089056	0.0009759459355980785	0.0006756548784909774	0.00030029105710710106	0.00030029105710710106	0.0003753638213838763	0.0	0.00015014552855355053	0.0	7.507276427677526e-05	0.0	0.0	7.507276427677526e-05
Gmi-AHam_008-Ex1-cssl	65.30555501937043	21.903185227136916	7.853063189120525	2.9869025260616775	1.157749177891303	0.4642496171295952	0.19121958752259335	0.07942841114018376	0.033430572217223155	0.012936892197082668	0.005585451869216645	0.0031623514259535414	0.0017249189596110226	0.0009035289788438689	0.0004928339884602922	0.0001642779961534307	8.213899807671536e-05	0.0	8.213899807671536e-05	4.106949903835768e-05	0.0	0.0	0.0	4.106949903835768e-05	0.0	0.0	0.0	0.0	0.0	0.0	0.0
Gmi-AHam_009-Ex1-cssl	64.16424764450716	22.130388250546666	8.214724833858858	3.2060270631520402	1.3132997916417068	0.5446230107070595	0.23787516038501774	0.10263971819089046	0.045781263281753554	0.021016544839869325	0.010508272419934662	0.004350558645195879	0.0018740868010074553	0.0010374409077005557	0.0005354533717164159	0.0005689192074486919	0.0003011925215904839	3.346583573227599e-05	3.346583573227599e-05	3.346583573227599e-05	3.346583573227599e-05	0.0	3.346583573227599e-05	0.0	0.0	0.0	0.0	0.0	0.0	0.0	3.346583573227599e-05
Gmi-AHam_012-Ex1-cssl	64.52675499788145	22.22186898538277	8.080570659325828	3.0894122932326713	1.2201611142178581	0.49920182951203457	0.20612238197213517	0.08870298207751556	0.03786293565177148	0.01553083940017605	0.007374542869546682	0.0034136576533944007	0.001381098134579414	0.0006775198396049955	0.00033875991980249773	0.00018240918758596032	0.00015635073221653744	7.817536610826872e-05	2.60584553694229e-05	0.0	2.60584553694229e-05	2.60584553694229e-05	7.817536610826872e-05	2.60584553694229e-05	0.0	2.60584553694229e-05	0.0	0.0	0.0	0.0	0.0
Gmi-AHam_013-Ex1-cssl2	60.11176077062197	22.529350067562586	9.555689130408258	4.213868076028731	1.9096311300379487	0.8772260240360461	0.40442056130793946	0.1962949071021089	0.09363797595546547	0.049073726775527224	0.025836653988845142	0.014589486338670256	0.007374322185727875	0.004509477595588988	0.002228212458996912	0.0014324222950694433	0.0010080008743081268	0.0005305267759516456	0.00047747409835648114	0.00010610535519032912	0.00010610535519032912	0.0	0.0002652633879758228	0.00010610535519032912	5.305267759516456e-05	0.0	5.305267759516456e-05	5.305267759516456e-05	0.0	5.305267759516456e-05	0.0002652633879758228
Gmi-AHam_015-Ex1-cssl2	53.538252715072495	21.12988871481901	10.784316615256282	5.933441115828847	3.377610618295219	1.9875406579251822	1.2043735916183143	0.7446277008873634	0.464535678020182	0.2909243110443652	0.18923344244223148	0.12018681644208704	0.08231065233955318	0.053571928604167554	0.03456015751768168	0.02409631451659256	0.014811496079006437	0.008990062296710373	0.006558324134485437	0.004052896937041562	0.0027264943031006872	0.0014000916691598124	0.0006632013169704374	0.0005895122817514999	0.00014737807043787497	0.00029475614087574994	0.00014737807043787497	7.368903521893749e-05	0.0	0.0	7.368903521893749e-05
Gmi-AHam_016-Ex1-cssl2	65.9582141537076	21.541897927445138	7.7956675902153645	2.9143092264208654	1.1106495028080066	0.4199307189034578	0.1578102630469934	0.06027475324711553	0.02391064591621112	0.01006239682307218	0.003686224578749214	0.0019925538263509263	0.0009962769131754631	0.00019925538263509263	9.962769131754631e-05	9.962769131754631e-05	9.962769131754631e-05	0.0	9.962769131754631e-05	0.0	0.0	0.0	0.0	0.0	0.0	0.0	0.0	0.0	0.0	0.0	0.0
Gmi-AHam_019-Ex1-cssl	63.96609296005571	22.44008682370156	8.267658881190751	3.166574117436837	1.2740730309571997	0.5201197686634126	0.21182285101132098	0.08875259120586075	0.0355010364823443	0.015827545431711835	0.007573554449566784	0.003047172298067886	0.0012129520798134302	0.0006804365325782658	0.000473347153097924	0.00017750518241172147	0.00014792098534310125	8.875259120586074e-05	2.958419706862025e-05	0.0	0.0	2.958419706862025e-05	0.0	0.0	0.0	0.0	2.958419706862025e-05	0.0	0.0	0.0	0.0
Gmi-AHam_020-Ex1-cssl	65.77014190961616	22.089768520055785	7.6915094966130955	2.785712951587196	1.034878677447204	0.3897429937574711	0.14700968754150617	0.05694128536326206	0.01976731637667685	0.008353117943950059	0.003242670009297383	0.0015824229645371231	0.0004669444813388232	0.00036317904104130695	0.00010376544029751628	7.782408022313721e-05	5.188272014875814e-05	7.782408022313721e-05	5.188272014875814e-05	0.0	5.188272014875814e-05	0.0	0.0	2.594136007437907e-05	0.0	0.0	0.0	0.0	2.594136007437907e-05	0.0	5.188272014875814e-05
Gmi-AHam_021-Ex1-cssl	61.39218074608862	22.968645129578995	9.07377162821295	3.74143706384476	1.5909231275067997	0.6855986860533088	0.3030903322974053	0.13292716273160066	0.06119723628360563	0.025831999235290816	0.012710983750698656	0.006099222041665887	0.002485817386729374	0.0015632459854689879	0.0006150476008402575	0.0003331507837884728	0.00023064285031509655	2.5626983368344065e-05	0.00012813491684172032	0.00012813491684172032	0.0	0.0	0.0	0.0	2.5626983368344065e-05	0.0	0.0	0.0	2.5626983368344065e-05	0.0	2.5626983368344065e-05
Gmi-AHam_022-Ex1-cssl	66.6706728937521	21.490233349450605	7.476277824805727	2.710818752744901	1.0169120509619796	0.38788821725896483	0.1494195704308576	0.05908896317919403	0.022859739565221606	0.009039987918974	0.0032904170586303826	0.0020435221732546588	0.0007619913188407203	0.000311723721343931	0.00024245178326750188	0.00013854387615285822	0.0	0.0	0.0	0.0	0.0	0.0	0.0	0.0	0.0	0.0	0.0	0.0	0.0	0.0	0.0
Gmi-AHam_023-Ex1-cssl	59.44901110661828	22.366131103434604	9.582967056785243	4.334736376821997	2.078378088359761	1.0380697835882997	0.5289305767070146	0.27057680650436083	0.15353412749906017	0.08286081585924747	0.04807490731456339	0.0264003371283966	0.015634116199858012	0.010339835941269733	0.005471940669950305	0.0038374648854196942	0.0020608607717994653	0.0011370266327169465	0.0005685133163584733	0.00046191706954125947	0.00028425665817923663	7.106416454480916e-05	0.00010659624681721373	7.106416454480916e-05	0.0	0.0	0.0	0.0	3.553208227240458e-05	3.553208227240458e-05	0.00021319249363442746
Gmi-AHam_024-Ex1-cssl	62.0950931964263	22.710112054017255	8.950150659656627	3.6477158808778567	1.5170809847118987	0.6274373879148646	0.2583284102844964	0.11125930791348584	0.04691657562616872	0.01977198544245682	0.00876095238733559	0.004308665108525699	0.0015798438731260895	0.0006223627378981565	0.0005266146243753633	0.00014362217028418998	0.0	4.787405676139666e-05	9.574811352279332e-05	0.0	0.0	0.0	0.0	0.0	0.0	0.0	0.0	4.787405676139666e-05	0.0	0.0	0.0
Gmi-AHam_025-Ex1-cssl	66.56059721662903	21.660226331769252	7.474144393213365	2.7021126410048733	0.9947451693717582	0.3737505825712773	0.14358779443416303	0.05456185360983033	0.02183228281969023	0.008295513333906478	0.0032050846971911394	0.0016591026667812955	0.0006033100606477438	0.00026394815153338796	7.541375758096797e-05	3.770687879048399e-05	3.770687879048399e-05	3.770687879048399e-05	3.770687879048399e-05	0.0	3.770687879048399e-05	0.0	3.770687879048399e-05	0.0	0.0	3.770687879048399e-05	0.0	0.0	0.0	0.0	7.541375758096797e-05
Gmi-AHam_034-Ex1-cssl	62.18060145278926	21.164813896025425	8.895193837400166	4.007205699997825	1.899391080454995	0.921344324809489	0.4556545586859633	0.22323073327892334	0.11733473311611436	0.06287794310528617	0.033263554723108976	0.01887741818674328	0.009263268403903766	0.004912339305100482	0.0021052882736144925	0.001894759446253043	0.0009122915852329466	0.00042105765472289847	0.0003508813789357487	7.017627578714974e-05	0.00014035255157429947	0.0	0.0	7.017627578714974e-05	0.0	0.0	0.0	0.0	0.0	0.0	7.017627578714974e-05
Gmi-AHam_036-Ex1-cssl	61.53050310309914	22.832078111812866	9.013928607770017	3.7439320472166497	1.6070549634622104	0.7064908850059926	0.3071098933126936	0.13753182178785842	0.06280328253051186	0.03038868509540896	0.013813038679731346	0.006538171641739503	0.0031769988963382093	0.0019798688774281597	0.0012431734811758212	0.0007827388585181095	0.0001841738490630846	0.00013813038679731345	0.0001841738490630846	4.604346226577115e-05	0.0	0.0	0.0	4.604346226577115e-05	0.0	0.0	0.0	0.0	0.0	0.0	4.604346226577115e-05
Gmi-AHam_038-Ex1-cssl	67.59434915200907	21.330342873094317	7.079073220262034	2.4942997638395337	0.9200135149170239	0.3492230018278443	0.13703354582954816	0.05561099125605903	0.02204281213695642	0.010473622466665177	0.0041193326856340026	0.001577616773221533	0.0010079218273359794	0.0005258722577405109	8.764537629008516e-05	0.0001752907525801703	0.0	0.0	0.0	0.0	0.0	0.0	0.0	0.0	0.0	4.382268814504258e-05	0.0	0.0	0.0	0.0	0.0
Gmi-AHam_040-Ex1-cssl	68.00281912984231	20.870077668970595	7.018330059972243	2.5086940318129543	0.9646316954333755	0.3744549796624818	0.15198836680240255	0.06156129035208256	0.025550507694875494	0.011774954329181995	0.004458477852797066	0.0031437984859466494	0.0012003594219069024	0.0008002396146046016	0.00022863988988702902	5.7159972471757255e-05	0.0	5.7159972471757255e-05	5.7159972471757255e-05	5.7159972471757255e-05	0.0	0.0	0.0	0.0	0.0	0.0	5.7159972471757255e-05	0.0	0.0	0.0	0.0
